20 40 220
4 4 4 4 4 4 4 4 4 4 4 4 4 4 4 4 4 4 4 4
8 8 8 8 8 8 8 8 8 8 8 8 8 8 8 8 8 8 8 8 8 8 8 8 8 8 8 8 8 8 8 8 8 8 8 8 8 8 8 8
2 4 1
2 3 1
2 23 2
2 22 2
3 5 1
3 4 1
3 24 2
3 23 2
4 6 1
4 5 1
4 25 2
4 24 2
5 7 1
5 6 1
5 26 2
5 25 2
6 8 1
6 7 1
6 27 2
6 26 2
7 9 1
7 8 1
7 28 2
7 27 2
8 10 1
8 9 1
8 29 2
8 28 2
9 11 1
9 10 1
9 30 2
9 29 2
10 12 1
10 11 1
10 31 2
10 30 2
11 13 1
11 12 1
11 32 2
11 31 2
12 14 1
12 13 1
12 33 2
12 32 2
13 15 1
13 14 1
13 34 2
13 33 2
14 16 1
14 15 1
14 35 2
14 34 2
15 17 1
15 16 1
15 36 2
15 35 2
16 18 1
16 17 1
16 37 2
16 36 2
17 19 1
17 18 1
17 38 2
17 37 2
18 20 1
18 19 1
18 39 2
18 38 2
19 21 1
19 20 1
19 40 2
19 39 2
20 2 1
20 21 1
20 41 2
20 40 2
21 3 1
21 2 1
21 22 2
21 41 2
22 24 1
22 23 1
22 43 4
22 42 4
23 25 1
23 24 1
23 44 4
23 43 4
24 26 1
24 25 1
24 45 4
24 44 4
25 27 1
25 26 1
25 46 4
25 45 4
26 28 1
26 27 1
26 47 4
26 46 4
27 29 1
27 28 1
27 48 4
27 47 4
28 30 1
28 29 1
28 49 4
28 48 4
29 31 1
29 30 1
29 50 4
29 49 4
30 32 1
30 31 1
30 51 4
30 50 4
31 33 1
31 32 1
31 52 4
31 51 4
32 34 1
32 33 1
32 53 4
32 52 4
33 35 1
33 34 1
33 54 4
33 53 4
34 36 1
34 35 1
34 55 4
34 54 4
35 37 1
35 36 1
35 56 4
35 55 4
36 38 1
36 37 1
36 57 4
36 56 4
37 39 1
37 38 1
37 58 4
37 57 4
38 40 1
38 39 1
38 59 4
38 58 4
39 41 1
39 40 1
39 60 4
39 59 4
40 22 1
40 41 1
40 61 4
40 60 4
41 23 1
41 22 1
41 42 4
41 61 4
42 44 1
42 43 1
42 1 8
43 45 1
43 44 1
43 1 8
44 46 1
44 45 1
44 1 8
45 47 1
45 46 1
45 1 8
46 48 1
46 47 1
46 1 8
47 49 1
47 48 1
47 1 8
48 50 1
48 49 1
48 1 8
49 51 1
49 50 1
49 1 8
50 52 1
50 51 1
50 1 8
51 53 1
51 52 1
51 1 8
52 54 1
52 53 1
52 1 8
53 55 1
53 54 1
53 1 8
54 56 1
54 55 1
54 1 8
55 57 1
55 56 1
55 1 8
56 58 1
56 57 1
56 1 8
57 59 1
57 58 1
57 1 8
58 60 1
58 59 1
58 1 8
59 61 1
59 60 1
59 1 8
60 42 1
60 61 1
60 1 8
61 43 1
61 42 1
61 1 8
